991 610 644 951 176 881 968 324 151 977 235 279 637 898 985 50 855 972 108 72 322 628 1 392 53 760 511 320 914 731 488 109 410 298 879 38 166 177 422 342 682 675 622 170 278 293 927 646 431 366 237 18 531 213 211 544 709 777 943 998 880 205 698 342 821 869 997 133 685 674 787 556 548 935 222 946 625 242 62 361 519 939 311 456 39 194 324 832 824 764 348 357 484 214 260 478 265 700 363 928
51 207 838 520 79 790 937 330 526 615 567 183 924 21 343 891 929 213 81 644 19 720 762 511 74 966 616 934 745 654 705 113 833 623 99 227 618 223 598 849 134 417 759 19 862 908 410 254 157 872 693 85 593 615 13 234 753 751 827 252 404 420 723 395 155 719 419 105 974 60 614 759 54 15 79 868 421 176 106 986 528 752 527 105 252 737 864 907 374 342 687 542 883 440 875 786 28 995 941 331
129 763 12 526 55 868 152 650 395 120 716 956 832 481 762 346 293 543 281 247 64 733 18 83 454 819 952 290 689 955 427 766 900 256 631 691 204 148 617 544 422 774 708 470 304 451 800 307 954 527 365 766 490 649 237 901 19 359 635 905 411 112 394 104 686 646 619 401 180 411 128 378 900 377 199 24 413 448 99 897 383 818 604 602 370 266 827 871 797 339 656 51 57 763 991 127 614 804 451 762
130 537 66 51 795 587 138 910 945 195 476 866 262 607 822 697 937 582 5 303 607 884 595 332 183 92 344 231 383 975 77 152 404 361 461 654 167 562 747 811 348 758 481 637 145 226 162 840 695 369 33 199 198 293 239 139 710 582 206 455 662 89 532 352 426 533 664 400 536 493 478 93 856 674 254 88 410 28 767 417 349 638 389 483 255 343 346 233 172 783 636 483 678 70 501 285 337 696 56 771
253 308 326 180 717 132 171 942 316 842 59 82 84 20 903 620 994 929 359 107 949 18 569 434 363 700 826 458 905 436 447 175 126 388 117 832 150 497 452 928 598 134 619 539 907 435 933 932 479 556 339 41 458 276 112 504 761 140 67 67 272 404 904 993 867 568 201 242 978 431 508 195 52 357 354 478 662 994 30 576 752 626 396 899 766 864 641 175 51 122 86 725 987 403 343 324 599 822 820 234
394 657 310 516 21 987 819 393 226 355 25 418 757 410 972 711 62 759 184 95 700 146 664 356 117 110 931 235 840 969 675 950 932 142 506 716 77 775 437 572 525 534 214 279 255 821 704 846 424 996 107 243 257 264 627 812 606 758 94 261 160 489 638 73 146 926 882 783 228 732 131 882 741 303 224 748 818 652 489 148 944 753 522 532 451 627 640 921 445 963 67 726 168 390 908 139 365 14 481 589
849 474 470 368 211 110 444 712 510 955 306 904 574 140 213 643 412 872 108 901 79 366 33 841 853 0 832 481 998 307 469 226 392 411 990 770 990 983 789 103 97 185 557 245 201 99 960 39 573 785 648 580 583 706 530 347 51 581 821 108 206 722 658 756 343 678 485 735 972 612 569 802 735 218 841 481 423 746 195 143 444 332 347 379 361 240 398 655 643 218 382 611 591 675 121 898 190 960 217 970
520 519 169 213 25 398 166 471 981 751 631 427 172 76 215 792 246 796 801 339 641 426 464 156 45 844 469 926 928 865 397 242 776 672 912 504 635 358 839 775 503 859 525 703 297 254 259 658 780 59 426 159 795 571 910 521 478 986 748 968 375 507 766 61 146 321 181 30 38 951 750 97 989 429 296 256 392 452 760 14 48 42 386 95 59 485 256 914 248 874 112 212 387 267 96 349 652 100 374 881
369 616 614 762 430 884 714 653 48 387 353 38 582 453 427 210 133 96 321 152 890 283 936 409 774 472 215 81 498 495 916 745 472 955 544 847 306 760 712 256 960 816 917 221 958 443 146 360 507 414 741 90 439 158 22 653 885 142 199 212 545 948 64 897 574 136 240 929 58 355 715 978 877 112 384 438 849 661 747 979 814 875 794 62 982 452 900 621 109 157 49 391 11 552 598 929 864 576 875 702
490 24 484 171 118 342 940 980 63 532 277 219 344 238 128 846 600 937 647 377 589 844 213 162 573 61 373 498 742 658 458 292 28 231 542 615 619 866 118 434 760 294 275 738 983 995 757 769 876 562 257 577 179 985 129 308 903 927 592 216 609 873 746 330 299 499 342 796 196 925 105 531 628 170 830 474 804 622 990 946 878 808 17 140 361 407 432 211 654 548 612 346 363 271 716 226 786 977 596 26
292 152 846 246 38 496 739 695 338 178 617 834 220 991 11 598 162 589 294 110 545 499 63 280 92 409 329 342 460 920 689 195 496 337 713 907 994 566 320 65 359 760 859 234 671 791 817 120 611 971 173 262 306 906 223 331 491 566 37 203 783 15 717 108 154 8 568 619 468 613 192 918 701 323 269 128 136 831 164 107 759 802 58 660 316 83 336 43 696 5 93 153 212 340 940 586 787 632 795 910
279 466 399 30 220 357 588 94 442 900 573 511 741 178 196 431 991 779 592 665 973 319 396 871 248 919 133 0 711 438 425 317 15 653 821 454 142 28 294 626 813 248 820 369 52 198 472 867 618 448 75 434 921 366 120 0 715 41 915 134 451 74 927 304 284 371 787 760 889 991 918 801 394 993 905 840 173 550 907 641 735 700 280 783 641 560 931 945 873 746 373 24 46 284 917 390 299 973 744 916
36 859 138 815 141 953 941 649 732 714 542 396 364 842 730 582 701 63 317 596 78 165 700 870 144 9 170 871 373 430 387 470 897 472 616 308 417 627 831 813 350 308 550 195 375 47 333 166 974 329 978 172 15 795 168 852 898 635 931 325 783 221 23 104 774 829 118 18 624 269 346 477 588 663 749 406 106 61 216 384 908 276 541 870 709 233 716 979 872 822 338 39 326 55 756 165 458 310 113 631
721 638 976 147 212 451 472 317 448 47 161 414 757 269 125 340 263 828 454 260 736 195 228 433 186 526 634 206 505 435 783 14 834 716 4 5 703 149 366 697 98 662 590 283 263 287 237 259 843 97 929 481 953 485 837 407 136 776 260 501 263 90 319 896 869 256 986 879 774 532 111 344 637 762 266 407 497 635 468 159 929 830 87 453 9 203 808 23 771 354 134 800 747 605 647 339 28 132 517 940
871 232 546 888 520 187 525 970 0 591 390 291 142 531 873 538 701 712 96 530 716 275 165 551 695 839 300 51 95 678 70 535 76 884 550 216 71 322 379 556 534 121 369 20 672 66 870 584 0 981 260 405 62 505 300 679 368 613 741 559 157 808 797 956 480 781 696 87 184 212 602 738 355 576 556 975 518 58 537 754 279 6 428 93 814 973 817 788 438 845 954 159 370 652 711 746 671 681 13 967
287 396 815 600 252 209 720 922 169 767 115 770 435 836 820 736 969 239 651 350 982 644 475 955 649 895 418 937 223 542 91 328 850 42 542 427 896 26 145 840 123 767 835 225 501 356 10 637 24 920 162 698 210 764 600 641 852 523 292 561 361 10 771 989 321 964 216 510 108 622 387 171 507 117 693 97 902 520 391 665 779 388 708 578 602 883 42 859 508 176 348 940 142 423 81 510 804 486 192 438
952 146 315 127 210 609 17 43 684 555 678 533 566 898 425 959 799 293 71 139 710 577 963 884 628 866 26 641 442 667 560 80 851 715 601 465 725 305 675 321 101 210 996 646 152 900 278 16 641 591 111 811 678 371 269 844 308 993 315 121 733 892 991 79 679 409 842 174 611 505 280 755 307 378 726 895 554 642 603 226 768 652 67 490 532 75 903 853 799 72 16 127 612 953 328 194 332 826 137 458
359 334 162 445 962 950 632 639 799 780 572 822 165 716 771 408 757 676 630 669 174 634 131 142 552 78 144 371 678 255 481 118 745 96 288 178 796 951 534 615 270 523 744 206 31 580 791 847 407 40 595 689 26 16 804 313 85 284 953 416 377 607 993 290 719 935 338 670 821 97 52 197 285 631 477 565 250 412 120 173 775 661 544 341 160 728 533 449 69 588 300 433 640 391 943 768 509 3 96 45
270 561 282 488 157 836 6 600 856 166 664 41 317 549 857 230 705 503 996 33 320 849 763 872 609 331 966 290 680 299 483 280 841 773 679 457 380 50 623 900 639 932 391 23 112 449 992 669 972 509 795 748 163 268 62 366 164 134 704 175 804 765 27 102 437 432 381 490 256 350 161 499 418 636 585 858 532 541 996 429 366 399 843 507 138 432 584 709 177 397 15 934 888 533 211 584 699 766 953 485
301 659 791 681 499 215 618 950 231 284 301 980 487 488 918 369 299 651 112 262 121 87 420 152 808 131 223 698 324 291 720 975 140 350 454 752 459 635 210 529 801 6 773 502 154 3 795 239 401 955 479 288 997 760 653 839 552 463 276 936 582 666 855 415 907 108 655 406 221 606 328 979 813 126 892 127 194 440 484 745 611 454 39 502 963 500 652 523 623 55 758 491 449 791 3 222 941 894 264 40
280 891 152 436 732 832 966 679 28 727 469 74 103 679 922 520 373 932 941 236 36 163 869 230 627 230 270 605 517 383 707 646 651 510 414 481 636 935 233 297 288 637 536 43 159 723 968 200 358 553 753 9 2 913 76 35 374 963 243 278 321 806 803 676 162 490 782 134 695 242 572 921 861 443 468 63 852 527 662 38 315 694 728 760 198 71 647 343 144 874 85 601 204 449 758 985 361 523 437 847
197 566 563 419 71 252 384 977 817 914 750 670 511 817 765 391 70 478 182 62 327 206 162 749 25 750 337 66 544 630 934 603 955 832 961 239 866 911 750 432 252 432 518 403 1 204 819 628 344 178 308 546 654 927 922 4 377 798 253 215 707 510 311 130 730 765 9 870 670 942 706 532 387 552 970 257 536 158 126 443 939 643 285 985 635 13 291 993 100 425 934 936 466 993 259 852 636 455 75 526
700 45 659 747 255 743 233 663 609 490 922 828 236 171 466 273 937 994 842 851 790 837 459 618 527 619 946 950 860 687 191 728 649 886 205 294 277 946 382 317 980 538 166 906 128 747 18 516 199 317 156 551 720 69 682 615 618 578 642 698 662 115 629 323 381 439 393 975 489 126 428 70 935 695 454 412 140 460 206 300 530 325 621 372 653 282 766 96 903 715 95 248 224 235 335 637 680 923 945 187
169 310 969 386 927 682 667 171 387 105 448 822 805 840 601 223 229 310 277 684 176 719 426 112 409 285 400 663 525 566 914 299 262 960 814 29 180 526 664 781 813 720 286 669 641 123 712 74 410 929 58 306 822 847 300 594 832 165 186 547 678 148 620 102 56 246 805 253 305 697 378 840 212 337 527 960 697 35 120 499 514 260 814 437 692 482 317 807 499 240 982 525 453 789 938 851 216 762 869 270
399 498 717 13 955 451 14 450 653 475 410 750 443 543 575 303 299 188 93 675 125 217 651 249 91 107 613 851 83 700 840 304 689 77 750 272 660 323 100 523 102 368 824 293 705 403 492 592 161 837 296 557 74 373 773 851 569 40 328 806 242 296 46 223 622 587 450 773 147 803 127 230 167 284 218 354 147 127 604 152 177 317 541 228 284 653 749 263 257 76 385 174 73 224 978 914 625 369 732 550
433 526 27 76 984 117 215 843 248 733 875 928 772 203 890 412 73 889 636 107 124 165 156 177 374 735 37 503 455 185 64 747 646 36 549 668 995 233 486 184 933 535 15 1 263 498 832 861 254 607 459 831 134 543 239 694 44 180 209 398 233 40 181 431 210 52 554 645 219 586 86 495 273 893 334 359 250 762 692 762 746 723 139 198 925 218 380 908 911 762 500 406 331 657 900 532 593 714 67 104
190 880 741 340 942 797 786 242 281 522 79 314 70 599 552 362 859 661 493 784 930 321 947 798 0 358 653 387 592 23 887 587 484 578 800 318 481 446 405 165 458 883 438 587 990 459 806 422 525 352 76 105 613 690 388 113 825 307 144 22 5 649 852 934 641 260 341 744 85 557 71 623 258 932 660 485 217 988 485 27 19 114 492 174 306 592 18 334 468 201 979 126 611 777 706 741 266 249 36 578
820 791 875 506 935 539 583 827 800 649 9 338 517 122 31 809 793 738 841 527 493 947 908 511 751 645 378 569 173 856 401 418 39 589 516 543 306 417 433 487 777 103 292 53 414 892 532 499 228 625 788 495 302 731 735 940 511 674 23 756 598 85 296 379 756 664 955 982 736 282 53 475 705 95 777 476 829 144 470 514 584 390 880 220 370 515 158 38 243 114 433 325 874 423 740 855 662 510 190 539
933 437 444 666 259 430 477 851 520 422 849 416 830 969 412 694 273 970 357 68 241 745 178 408 881 885 648 68 637 547 126 300 99 246 391 944 39 728 722 188 465 66 321 334 64 392 319 794 374 505 884 701 592 688 361 633 195 190 831 271 379 982 991 713 891 621 754 521 355 667 399 597 404 238 4 315 824 442 782 939 590 512 941 529 664 401 849 709 898 673 698 965 418 583 293 802 575 0 455 322
767 879 247 987 231 485 751 807 862 893 220 212 784 364 489 889 500 592 266 357 67 931 914 445 953 607 555 418 522 412 150 55 142 940 940 606 401 781 979 29 202 839 981 515 440 146 911 366 86 946 372 193 0 88 800 829 37 647 458 645 240 565 395 678 456 706 667 86 227 538 184 712 591 179 580 862 218 784 242 920 738 78 903 919 619 984 194 449 592 498 464 384 216 379 38 464 68 906 566 424
976 257 323 121 117 559 990 216 497 207 683 195 537 752 956 9 509 667 84 149 880 799 101 513 992 421 309 463 195 90 365 187 950 240 881 281 573 670 749 445 706 398 125 245 590 24 628 420 876 702 502 363 712 363 141 20 831 608 351 727 47 378 58 951 950 519 359 292 301 221 149 506 346 818 504 254 198 398 157 137 378 339 46 527 875 879 303 59 558 959 134 733 434 524 446 878 371 38 172 623
981 466 422 425 140 409 66 11 985 227 44 97 34 468 164 587 660 387 637 929 618 306 746 399 271 494 600 462 925 10 710 613 417 123 307 881 179 143 474 826 837 842 360 42 575 16 58 141 939 523 488 603 140 752 587 900 120 374 306 431 65 727 1 616 67 849 352 877 161 755 658 648 703 101 250 0 869 141 60 105 897 664 306 305 729 583 924 396 785 571 142 61 365 968 42 503 779 883 794 362
677 770 735 52 981 346 778 404 418 967 387 165 958 751 582 162 839 1 822 106 558 448 70 775 911 128 660 296 622 259 35 841 676 148 678 72 609 976 376 714 285 532 24 346 735 256 68 140 42 513 101 73 957 400 208 146 50 486 336 947 343 139 591 365 277 742 563 162 424 662 697 267 158 740 148 35 631 224 320 497 625 854 580 557 741 896 100 438 161 792 445 208 952 228 669 360 914 760 972 806
596 252 40 701 256 206 604 813 83 526 705 756 597 614 346 773 637 177 241 511 440 223 55 743 899 80 247 425 406 971 785 162 396 389 803 929 8 782 764 844 444 487 811 471 921 880 922 674 953 40 513 37 660 664 918 485 296 341 803 855 800 904 93 852 266 883 859 940 378 963 693 761 438 848 675 242 568 572 705 338 936 790 535 767 502 596 292 944 422 435 207 311 208 910 737 642 397 151 802 901
863 676 601 892 720 503 481 315 780 504 688 459 732 797 39 277 500 48 75 203 147 480 625 773 816 701 750 45 957 943 971 871 687 614 568 567 732 124 82 337 192 903 762 493 870 838 523 990 228 669 949 925 441 268 425 949 637 273 957 941 765 884 651 682 619 822 21 687 341 663 368 903 689 646 847 87 544 839 782 375 921 358 176 683 637 69 604 232 617 501 608 350 502 401 276 484 369 84 336 751
71 482 405 529 504 674 303 974 321 858 233 476 919 400 289 342 241 162 28 918 812 285 15 356 30 363 92 24 369 361 351 321 213 543 419 193 962 618 766 521 847 949 939 870 896 118 729 231 792 338 731 565 656 374 912 251 733 634 263 732 686 875 199 330 244 312 343 145 428 132 113 910 157 379 975 92 605 463 789 328 153 214 761 918 987 844 39 217 982 765 778 883 140 798 757 34 36 454 325 201
685 546 969 585 773 297 156 554 231 767 92 165 572 189 129 928 589 717 163 401 318 368 396 991 238 809 338 571 258 919 856 773 863 924 657 909 258 903 75 857 606 897 320 804 820 184 373 24 966 494 494 475 551 95 617 833 498 198 541 720 617 811 339 236 581 823 53 407 579 760 727 815 684 46 951 138 994 663 770 970 43 664 522 231 130 609 584 345 48 517 982 401 997 397 157 99 787 676 677 495
259 353 963 555 135 138 51 205 942 470 13 256 881 816 3 722 998 702 454 484 953 554 532 441 780 998 164 466 439 885 886 634 997 87 694 938 588 848 308 393 751 882 645 508 727 295 409 713 736 39 18 538 4 662 193 583 686 743 363 75 65 577 493 977 75 99 251 134 609 354 90 550 681 922 507 370 869 565 224 363 31 299 56 311 155 414 678 130 396 688 736 913 686 253 116 41 153 68 432 692
468 113 301 377 979 996 689 450 783 890 449 853 635 214 449 194 926 644 76 411 739 56 232 535 479 774 729 81 766 907 401 812 609 236 127 219 965 567 473 422 97 248 804 702 499 509 459 291 610 288 853 655 275 445 372 81 723 213 305 835 810 723 858 338 955 969 401 226 853 539 696 850 640 801 559 589 780 347 786 41 908 762 812 308 878 224 683 937 173 561 575 978 998 821 539 9 185 883 57 824
552 456 726 446 578 737 471 446 34 113 197 79 764 2 951 772 833 306 711 213 615 370 861 464 487 359 311 177 423 361 705 935 48 500 457 486 951 950 38 800 415 533 49 639 567 967 266 134 438 917 913 650 60 722 530 506 729 177 557 99 659 154 298 122 601 639 786 966 983 769 990 843 322 520 175 557 329 984 45 179 594 746 717 693 493 869 36 459 55 407 447 381 777 737 262 250 604 23 656 552
643 955 413 41 298 738 916 23 802 859 832 417 495 439 638 125 12 60 412 287 317 623 517 591 468 954 223 398 525 491 120 18 486 920 109 170 189 119 168 941 576 710 570 844 818 881 770 109 891 651 453 561 424 823 771 691 79 573 727 654 669 947 386 429 667 509 20 330 283 579 445 804 970 863 103 194 925 559 654 925 124 344 183 844 89 460 719 432 852 859 4 66 516 864 145 941 568 36 533 889
410 746 301 453 541 442 913 562 674 479 658 810 82 58 168 48 746 75 68 507 70 615 455 114 0 502 635 928 744 562 963 250 245 902 981 685 853 421 116 413 462 619 523 369 309 233 815 280 436 36 776 573 892 747 375 351 942 877 248 477 347 880 266 997 744 184 860 730 811 912 764 814 371 336 471 287 224 47 906 638 648 569 176 551 542 525 949 897 88 282 428 756 71 405 367 463 818 663 390 327
379 853 231 722 306 392 906 761 589 554 983 919 161 213 400 810 817 743 797 622 198 322 278 195 256 633 746 611 514 232 114 821 447 299 150 193 435 892 634 699 533 74 338 789 913 951 532 780 515 119 31 274 140 180 405 770 802 451 349 461 604 959 700 604 524 97 816 24 983 104 488 690 471 144 490 536 643 913 848 869 572 419 490 610 791 145 127 288 105 248 457 961 860 408 544 813 979 14 691 705
64 730 64 787 501 227 59 10 213 723 188 280 856 920 320 612 750 276 635 145 445 69 768 313 560 481 223 127 173 247 780 313 766 960 144 124 87 597 883 355 536 40 657 535 840 389 78 224 233 654 976 906 659 491 539 543 685 724 134 837 126 206 871 381 523 960 782 935 82 855 717 272 670 539 59 520 757 955 837 137 941 548 652 203 641 358 92 899 693 367 267 729 401 271 99 289 106 208 881 890
565 245 359 188 40 902 746 676 515 115 684 513 967 277 228 684 16 861 900 339 627 910 942 280 598 844 172 20 623 603 44 393 795 417 555 993 435 683 238 508 164 571 380 868 327 688 583 110 321 423 704 747 166 34 519 339 346 532 342 764 785 146 942 80 785 173 475 45 661 782 448 729 359 610 678 789 468 224 844 942 315 41 784 843 977 332 118 948 990 980 897 831 618 332 501 252 535 545 146 491
763 523 852 105 796 656 288 433 793 284 194 367 600 433 197 338 716 884 962 248 487 591 336 154 427 337 639 768 228 124 773 648 677 838 111 123 844 631 138 670 477 73 685 287 616 59 842 189 634 124 575 123 849 123 586 145 101 699 964 885 560 503 108 412 471 796 537 284 666 400 669 920 130 773 770 218 950 103 460 925 876 707 402 72 588 69 57 626 726 987 308 485 446 196 532 56 164 412 879 43
716 151 312 200 571 6 836 343 925 799 473 596 841 901 752 155 569 850 916 497 420 32 21 380 579 742 731 397 965 19 657 718 234 928 395 570 536 12 709 856 988 233 924 526 680 24 116 830 847 188 324 86 397 285 799 253 15 494 316 664 456 587 850 197 709 841 792 414 927 586 694 515 380 530 768 559 181 166 585 585 729 192 985 196 566 673 237 732 371 206 787 265 543 688 230 24 93 908 857 765
641 976 856 99 1 841 516 98 265 820 651 709 664 275 339 262 237 75 902 796 745 953 273 553 555 614 537 800 887 614 757 310 312 282 685 321 0 220 848 980 582 479 959 350 31 35 826 98 327 183 29 706 408 448 276 579 311 856 411 299 53 292 126 831 501 456 90 612 741 339 687 806 923 531 492 356 308 40 878 216 61 61 913 705 839 718 682 383 322 123 12 869 934 216 593 422 202 305 981 956
483 853 241 473 313 741 667 287 292 374 290 549 815 382 690 164 296 752 272 860 233 406 535 126 905 135 320 636 608 761 370 959 17 280 625 334 504 970 213 798 897 765 775 985 558 525 236 651 840 984 940 586 192 556 726 554 367 52 212 87 951 953 986 384 414 488 454 453 122 488 805 950 988 91 547 124 762 593 357 391 869 200 11 856 752 134 450 958 93 401 71 87 619 556 563 814 202 224 14 585
750 331 60 551 212 981 94 794 314 641 188 712 143 303 368 97 945 127 848 856 952 1 676 784 907 502 11 264 134 229 133 655 795 604 505 610 163 266 937 927 432 728 528 551 706 350 416 328 309 535 351 722 815 709 719 433 498 576 929 605 158 913 880 487 678 295 149 137 817 343 622 21 572 205 72 82 795 453 456 507 868 813 187 943 961 733 326 336 745 225 776 955 87 202 674 848 322 972 562 905
291 173 345 550 395 328 941 7 202 987 491 543 825 975 920 577 834 39 921 218 291 914 244 275 461 705 417 982 192 97 894 928 840 29 95 345 488 273 975 891 251 387 252 839 936 30 107 224 388 483 642 596 491 768 181 729 584 669 932 521 93 328 421 205 912 405 687 881 94 169 256 864 939 516 345 859 927 911 456 682 963 807 704 904 468 263 840 481 695 995 756 961 680 435 470 64 618 67 934 406
675 422 274 285 690 792 989 279 616 470 810 992 359 592 584 493 462 194 276 202 226 289 533 839 963 61 434 771 887 998 471 938 747 563 798 286 68 412 294 375 516 475 933 328 433 215 450 53 386 299 54 211 640 475 158 73 709 868 664 678 415 32 404 494 968 747 509 219 692 860 29 162 322 49 95 783 375 576 342 840 466 462 75 936 496 997 797 352 500 825 527 659 794 75 890 793 575 531 695 702
60 84 651 160 670 879 271 331 427 204 881 490 908 697 670 600 27 959 513 596 760 394 718 241 60 518 584 264 27 794 104 551 373 798 791 599 603 794 938 866 396 118 493 913 298 561 499 309 414 177 841 615 575 248 383 418 365 303 915 482 380 626 504 705 329 680 802 13 6 222 543 692 888 211 31 264 453 459 71 554 967 46 81 954 846 618 258 585 303 227 565 218 945 383 813 553 230 282 717 832
981 317 708 498 564 362 322 109 899 957 875 767 99 687 966 8 794 842 998 688 535 265 856 65 535 743 52 219 65 183 416 311 92 984 829 112 689 646 154 640 580 130 581 934 235 182 200 145 388 109 937 809 771 667 484 289 28 636 414 640 289 330 491 526 3 950 124 707 990 478 526 868 298 650 58 257 507 775 854 713 639 370 190 511 74 484 97 152 171 774 211 557 619 742 564 975 200 14 90 124
632 555 712 566 900 315 207 798 862 927 9 755 676 748 781 349 942 458 597 364 157 435 52 799 700 721 37 964 58 400 454 928 717 522 105 533 833 357 360 198 938 671 172 281 864 94 550 723 986 167 852 517 122 861 496 661 710 331 980 465 371 432 321 200 562 188 33 373 165 970 298 379 378 220 715 440 186 14 508 22 31 197 498 816 411 461 418 560 365 505 408 428 647 787 328 37 750 374 503 553
549 557 210 376 747 167 117 434 417 404 609 255 834 317 412 242 962 878 593 723 121 478 395 409 775 59 327 125 915 237 991 562 112 603 895 545 275 479 279 650 591 701 511 30 46 428 597 101 846 863 848 426 401 894 185 926 505 460 24 300 704 436 647 314 784 794 199 501 239 789 248 349 540 491 861 311 252 34 836 919 137 979 179 666 344 463 455 274 168 638 700 55 444 251 394 807 396 807 686 981
311 46 113 812 878 37 457 69 614 283 585 625 311 734 611 249 976 878 202 606 583 529 811 961 469 152 89 549 755 829 820 967 279 929 562 939 699 88 194 36 594 442 367 969 444 538 611 773 834 560 366 914 965 276 165 65 434 724 864 971 288 867 610 534 335 703 607 419 839 236 757 271 307 971 555 629 288 948 712 559 856 188 291 488 899 64 829 3 393 780 804 770 831 178 197 43 648 660 663 393
58 332 251 177 920 514 14 632 377 325 735 386 799 326 564 839 119 627 88 825 510 686 448 626 262 614 287 35 267 495 528 237 713 689 696 566 973 249 582 308 80 388 910 390 97 292 236 982 809 494 838 781 146 484 46 110 112 872 530 903 72 717 101 754 896 753 429 646 676 228 990 63 15 703 65 189 682 394 415 236 437 264 989 941 76 762 602 763 523 236 187 305 648 228 365 409 689 374 668 564
662 317 913 153 417 274 322 729 539 663 628 378 437 197 780 765 566 780 962 998 589 670 974 748 997 546 211 634 278 982 829 228 900 712 182 971 248 266 301 26 750 594 572 486 472 4 614 339 878 10 195 611 656 650 653 431 777 918 142 228 881 284 120 519 12 768 161 310 76 924 468 88 476 15 314 202 413 655 350 839 44 254 988 689 975 854 918 306 996 882 271 541 895 37 144 592 411 981 779 216
491 43 516 221 671 141 27 926 346 464 436 945 28 815 690 766 43 220 123 212 533 116 606 120 200 861 643 286 604 440 819 51 147 637 189 322 22 330 512 826 618 518 208 931 783 678 8 127 602 412 86 860 756 787 128 152 102 995 127 265 381 131 156 681 54 450 697 899 310 839 6 711 751 956 892 804 891 818 616 484 475 982 102 61 804 786 63 677 500 26 103 451 345 42 82 792 199 64 272 383
246 678 902 823 209 664 819 950 1 782 762 420 636 843 808 188 346 748 383 802 976 456 97 63 392 369 308 599 572 196 131 252 46 578 523 541 242 110 707 817 362 279 361 352 546 745 332 360 708 8 207 988 711 978 636 9 751 740 498 641 572 673 21 860 369 25 334 360 931 595 917 452 421 241 690 278 118 126 917 100 761 161 599 35 473 627 886 375 425 809 156 630 534 18 912 122 653 575 398 232
383 443 446 942 751 621 327 178 13 51 385 566 550 95 178 965 761 321 195 92 32 209 547 905 833 492 665 234 638 885 753 389 617 381 472 338 592 584 520 749 137 854 798 596 761 195 450 760 342 27 953 34 301 505 881 955 140 651 500 112 533 851 597 47 732 546 611 438 156 852 654 285 101 362 142 925 56 803 541 708 324 889 300 851 511 937 42 308 857 697 519 770 202 675 49 593 934 119 428 304
887 325 774 337 256 380 848 643 659 424 516 300 251 27 266 910 634 665 821 572 280 373 673 818 238 717 199 322 759 380 700 683 511 490 970 185 652 514 263 406 10 376 929 312 216 478 727 531 733 594 996 634 925 346 135 86 913 521 197 492 313 18 466 415 224 14 219 605 402 592 67 632 365 924 647 477 396 657 270 830 966 687 514 403 734 613 357 11 927 323 960 736 867 195 385 813 460 485 328 348
455 386 808 997 135 763 883 711 809 698 114 719 358 411 858 248 442 647 137 218 548 683 737 716 502 495 67 746 35 141 82 206 486 685 593 758 221 109 341 215 434 681 721 180 454 166 524 333 874 193 120 937 6 476 325 443 591 432 669 183 92 241 21 465 697 470 771 124 324 94 807 112 299 496 581 729 359 349 136 245 799 279 943 504 934 230 703 872 245 707 730 155 602 918 984 828 933 277 894 83
907 66 463 666 664 880 605 216 152 702 926 138 162 810 726 970 20 925 443 971 328 558 401 449 474 854 154 492 179 324 487 649 605 954 755 556 793 81 752 181 547 23 202 742 928 194 948 136 631 575 765 172 108 864 836 540 959 227 273 273 945 306 507 967 263 677 712 71 31 544 443 947 976 304 101 154 122 558 789 917 822 969 950 387 823 64 220 440 303 91 112 62 836 903 210 66 370 704 560 54
561 713 403 796 267 830 112 303 802 584 725 38 869 288 242 446 215 547 446 208 942 764 647 207 768 209 105 855 609 276 35 321 507 553 844 343 558 447 533 887 356 389 614 708 889 497 421 475 668 952 918 34 897 464 948 588 868 832 157 713 712 357 449 154 957 313 225 954 661 901 96 389 712 465 799 595 777 731 403 767 20 311 269 107 751 920 339 374 591 525 390 134 302 536 924 700 593 505 803 733
52 88 62 950 601 700 65 840 829 406 651 162 415 803 906 877 996 178 693 566 852 758 166 393 536 22 488 280 150 365 129 48 370 502 833 19 447 870 256 882 664 892 601 44 134 584 288 846 414 438 645 858 393 609 218 385 172 947 852 33 345 52 124 163 770 738 647 965 893 83 288 336 730 966 513 878 471 43 621 768 440 439 292 928 407 503 316 83 984 33 201 637 26 462 982 783 569 534 714 925
739 307 202 321 231 144 706 488 439 980 64 816 111 903 66 770 586 604 94 540 582 638 570 810 31 674 328 860 546 510 532 633 832 702 620 348 668 670 189 849 332 594 895 494 341 800 181 653 778 914 58 15 169 654 24 523 61 574 674 319 577 735 164 356 588 187 703 295 424 576 992 379 868 382 772 447 966 204 606 793 409 244 65 475 331 699 825 80 975 41 882 84 685 507 828 81 11 894 314 921
930 576 936 889 640 893 51 420 361 974 953 128 28 961 440 812 277 177 522 38 556 312 97 993 652 806 390 851 97 682 767 143 778 300 161 771 534 986 61 422 148 903 584 750 212 134 457 583 287 463 308 401 907 733 130 450 52 158 37 579 184 262 549 329 951 498 732 867 155 888 258 668 388 254 535 796 160 41 765 59 270 415 840 519 655 402 626 913 753 306 132 845 608 809 25 482 955 405 977 110
887 859 526 879 226 266 199 223 355 672 944 979 40 85 587 961 248 47 534 4 294 997 203 371 930 852 757 102 88 634 824 474 488 346 245 825 188 991 549 221 292 305 996 527 591 910 331 326 732 403 178 686 461 16 359 732 962 555 897 642 571 619 803 177 433 283 96 146 903 820 122 957 904 393 296 700 538 171 194 311 68 932 548 320 611 65 937 817 815 696 175 872 605 758 463 303 233 214 43 717
93 273 693 420 70 144 981 445 562 299 588 920 181 307 111 806 193 991 201 277 804 551 55 411 244 545 740 184 977 775 878 352 48 944 990 753 3 420 559 468 159 586 457 103 55 366 772 864 639 271 213 929 587 374 88 514 821 979 276 71 608 676 569 662 853 305 890 46 632 216 328 567 946 594 806 610 483 788 767 67 807 926 409 772 372 4 11 981 343 680 780 231 267 639 242 99 496 79 730 390
386 914 466 141 440 362 569 758 22 390 512 199 302 173 47 596 728 546 539 303 81 654 198 643 105 322 266 591 745 360 886 429 333 141 185 494 994 564 419 964 967 3 761 93 721 157 798 836 415 603 49 874 360 384 915 884 320 785 821 1 885 572 966 488 586 998 48 244 229 419 797 488 703 618 279 339 775 679 573 40 217 610 924 519 997 865 127 391 983 364 225 382 22 209 636 170 220 451 649 554
857 566 19 892 285 516 883 902 317 873 615 450 587 439 951 161 192 62 195 407 681 627 879 85 575 490 827 881 182 331 947 803 404 189 298 286 93 370 455 783 285 289 676 877 619 894 470 831 865 954 395 980 767 742 314 389 918 807 932 443 438 790 107 150 788 272 292 997 538 405 479 558 579 699 155 571 599 969 724 766 334 782 167 876 956 783 192 212 386 781 564 642 256 359 251 359 379 367 851 188
187 252 451 172 68 749 771 217 363 666 465 514 955 23 607 866 586 540 970 325 93 460 121 304 709 344 533 474 924 373 844 396 191 71 244 585 846 485 143 855 268 70 549 798 123 89 898 429 18 398 521 351 853 658 642 200 309 180 505 110 107 664 717 692 8 336 851 791 615 933 281 416 991 547 602 134 73 917 344 184 395 510 807 32 16 129 658 863 88 405 855 41 323 34 891 305 992 14 272 976
772 570 888 819 944 130 905 79 529 520 794 785 246 20 269 848 737 612 81 178 737 481 807 929 90 117 762 593 212 936 672 600 587 987 848 426 641 966 717 947 446 611 746 421 346 274 780 976 648 71 493 236 162 830 289 214 712 58 8 693 830 634 25 229 84 914 987 954 281 601 246 347 280 731 353 278 274 786 158 835 112 464 919 732 967 669 601 451 278 165 407 624 849 414 570 272 200 285 594 924
649 241 784 471 405 321 495 616 337 147 193 927 953 97 704 384 869 342 818 864 984 972 344 734 637 788 600 621 46 761 451 159 902 938 89 798 123 712 720 665 895 115 429 502 222 864 321 996 312 808 848 687 756 404 876 79 647 301 707 925 868 72 693 974 445 579 954 689 301 370 809 616 38 366 992 114 485 501 710 245 806 348 957 152 439 788 172 771 680 353 746 940 369 550 39 666 873 565 177 449
213 80 423 58 313 925 228 604 63 197 517 982 316 41 625 746 111 670 652 290 736 656 936 887 910 559 896 31 182 440 417 792 561 808 786 99 221 769 798 352 285 501 875 746 203 281 5 303 470 565 78 642 498 144 725 376 372 686 49 257 821 99 723 481 272 184 436 280 432 105 685 129 959 158 963 608 233 172 701 376 680 879 654 69 445 198 929 446 407 344 809 692 427 963 830 603 869 240 429 663
773 484 906 844 131 107 104 514 573 672 383 781 739 258 26 92 79 103 581 493 680 192 270 810 326 503 236 498 516 816 740 40 34 906 460 228 58 741 127 304 747 949 374 140 531 77 200 453 228 547 635 923 519 810 780 514 437 432 42 95 620 69 780 508 493 698 55 945 457 399 772 872 416 58 32 220 80 456 966 99 566 909 100 434 518 303 938 539 832 379 165 197 638 339 679 479 192 788 360 216
428 329 988 570 867 502 294 893 887 683 906 486 402 284 166 17 430 84 958 487 825 546 268 270 487 278 309 670 173 960 976 48 555 800 461 886 641 328 919 984 368 658 888 365 726 105 34 965 98 512 101 162 15 365 941 310 884 510 671 52 177 628 433 323 804 395 465 25 709 308 184 89 377 813 529 382 616 16 753 779 891 498 596 718 273 305 307 237 362 104 372 918 280 535 650 459 622 883 211 175
80 130 897 522 980 376 277 768 5 917 775 928 403 937 800 698 576 101 891 994 241 269 604 60 566 450 720 363 118 298 740 307 936 189 91 676 991 119 520 105 285 11 72 546 715 849 958 457 142 842 251 472 47 627 400 396 630 63 113 210 940 300 30 347 786 754 682 533 776 408 472 524 766 403 274 163 614 627 927 852 121 632 95 375 260 892 500 432 968 949 898 742 699 796 305 763 380 527 271 36
988 132 578 484 439 477 8 235 835 394 768 507 759 678 497 834 646 452 612 375 59 735 858 419 719 949 236 748 437 335 293 654 700 702 642 434 489 212 931 399 695 295 954 302 323 919 895 620 254 230 92 662 840 658 215 304 623 141 84 202 260 27 807 590 363 691 192 421 679 366 78 615 949 685 525 58 606 691 316 74 843 444 329 797 398 435 288 374 626 545 16 145 849 478 312 614 160 26 595 84
428 439 397 377 479 232 786 784 417 232 243 87 228 38 0 716 978 501 843 594 93 352 679 501 401 166 611 417 265 280 649 160 220 47 445 837 491 870 908 501 293 965 201 769 125 725 363 799 728 403 40 45 899 396 953 347 297 485 325 755 721 606 780 881 90 700 239 86 343 858 677 766 789 568 918 455 402 633 163 282 943 160 39 94 893 607 588 99 102 90 694 252 730 557 501 646 111 304 692 471
98 623 614 70 804 300 794 879 872 625 152 786 271 977 228 746 414 908 136 868 76 743 574 727 125 641 170 142 788 995 397 842 702 847 613 745 301 400 836 981 926 938 264 140 707 886 575 238 73 194 70 951 791 592 112 912 536 921 902 953 251 643 111 513 417 770 951 7 795 271 258 847 740 201 255 174 515 312 536 14 309 257 825 22 813 784 587 186 58 56 232 91 276 288 67 489 291 900 240 271
90 869 626 680 640 552 938 790 32 367 341 144 929 707 587 511 470 768 595 572 542 291 404 541 470 373 111 0 648 165 136 944 351 100 344 340 724 634 511 318 468 226 291 594 860 675 746 199 963 674 554 395 835 855 980 460 972 288 196 173 690 634 12 727 389 472 448 444 457 482 601 727 958 798 586 915 263 140 509 574 841 801 369 614 994 246 328 657 894 715 275 64 377 656 496 812 231 918 952 946
606 35 36 140 283 657 530 382 393 345 962 249 989 146 934 847 412 408 353 230 533 969 852 412 485 105 216 47 334 142 604 822 741 447 275 434 403 672 57 856 970 460 479 672 414 399 194 383 351 689 762 988 644 326 461 788 12 754 612 901 82 508 568 269 662 738 278 739 556 997 962 929 684 191 29 952 982 931 726 570 511 296 614 681 714 84 160 123 530 156 994 866 2 299 537 935 841 408 830 496
578 537 494 375 467 718 340 261 932 830 807 490 940 904 20 378 545 114 463 898 362 133 561 393 770 331 495 691 191 421 544 302 514 881 788 219 93 529 32 522 175 346 529 879 922 637 591 715 177 563 157 839 926 236 12 835 557 743 774 552 778 943 894 419 399 891 526 381 973 927 262 579 395 188 739 496 10 791 75 827 772 268 936 917 422 75 305 108 848 424 379 477 338 307 296 871 285 886 637 223
32 450 625 380 897 176 546 760 38 86 820 463 825 735 783 970 831 984 972 463 941 70 482 48 106 849 946 852 364 826 438 87 753 299 760 394 767 349 706 790 348 353 514 59 542 304 221 746 206 250 627 336 746 495 39 116 69 551 399 894 562 661 888 888 157 433 439 171 503 983 570 424 315 971 28 807 691 160 694 736 885 705 44 961 251 228 662 297 639 662 269 823 954 435 70 86 976 76 582 193
476 352 767 401 516 804 531 74 270 730 424 344 458 265 875 907 308 973 537 836 89 538 679 742 456 124 214 83 57 868 864 492 189 92 31 313 925 323 562 874 116 961 396 725 165 396 113 188 2 246 183 22 575 479 551 453 0 704 949 309 360 376 437 771 992 396 547 891 357 160 587 466 303 678 73 953 845 854 829 924 925 541 616 897 962 945 28 665 763 87 373 587 166 458 979 523 606 555 964 35
756 774 547 335 166 122 923 970 125 158 979 627 798 381 416 890 495 189 90 816 31 372 274 158 73 179 541 179 357 130 813 540 638 380 514 290 77 376 779 201 891 426 711 188 331 799 797 328 72 84 704 771 825 239 848 937 66 162 123 68 817 451 694 614 526 334 334 525 339 526 230 975 650 564 948 889 173 697 561 211 514 587 326 47 60 609 2 779 336 65 478 708 524 274 350 570 936 455 697 372
745 836 402 468 165 360 810 306 20 555 291 327 263 193 222 681 445 164 226 106 188 404 896 291 280 674 175 344 671 994 479 197 288 149 995 869 346 827 71 973 781 27 546 816 135 475 242 487 594 285 209 199 890 290 276 690 748 189 544 891 674 110 534 691 288 856 632 438 353 237 464 375 483 680 186 420 686 13 815 594 202 802 222 738 214 194 473 533 511 373 37 107 963 214 691 865 139 549 731 401
73 769 923 290 414 785 693 440 904 800 633 268 351 951 159 988 644 100 811 122 876 725 53 95 311 103 73 213 905 568 984 606 764 782 898 871 308 309 57 706 415 706 362 800 237 67 591 641 95 627 332 536 929 10 878 697 952 882 636 718 679 680 136 529 955 227 904 644 119 303 151 953 554 645 631 749 138 729 114 749 110 795 879 845 382 450 814 62 304 760 251 294 681 681 53 483 633 781 726 171
969 13 757 453 828 228 902 856 313 980 327 953 233 608 347 68 93 995 402 693 120 259 649 173 287 616 48 101 652 722 968 720 95 764 812 410 885 45 564 26 824 832 987 150 68 631 876 169 203 495 951 801 970 408 520 913 245 786 889 613 461 212 471 790 603 98 582 902 877 605 451 906 730 785 488 477 62 368 935 687 783 454 760 608 358 606 16 167 470 991 727 43 685 687 459 698 173 970 377 207
686 338 438 220 785 807 423 91 233 764 366 593 923 952 449 260 455 218 392 965 464 64 120 468 524 351 882 580 651 80 338 517 657 180 165 887 552 937 171 737 994 347 240 655 895 464 585 57 966 821 791 269 744 151 59 72 507 305 313 844 901 982 740 190 446 200 781 682 10 823 540 335 760 666 671 920 107 325 269 30 821 375 175 463 56 15 287 549 149 139 267 96 962 990 293 270 95 896 219 899
208 927 281 779 989 91 847 908 572 513 590 83 476 865 136 681 331 635 382 252 775 789 958 967 175 993 361 232 143 233 145 752 283 919 72 593 821 753 33 40 268 124 729 905 641 105 960 725 943 848 283 541 386 763 162 970 716 77 749 569 947 346 334 458 812 550 90 147 169 539 610 373 317 112 568 63 47 41 396 713 265 464 439 754 690 467 674 518 941 742 50 153 284 521 478 710 69 901 542 809
596 691 318 950 698 708 991 470 269 228 213 393 577 761 627 878 361 253 656 545 523 453 492 587 271 429 902 365 765 309 834 630 782 465 507 782 873 258 851 522 146 142 90 315 172 8 937 567 380 867 241 603 955 838 963 437 168 671 96 20 520 55 461 444 648 703 184 715 699 844 295 322 608 513 585 864 57 997 194 203 417 282 414 986 143 686 876 622 181 395 333 380 231 436 505 413 448 413 745 103
118 269 9 52 204 203 57 512 26 559 908 722 56 477 418 402 29 811 862 694 331 103 219 956 824 988 540 657 724 619 670 934 295 696 692 809 866 105 789 47 978 924 643 551 477 640 941 940 781 419 280 25 154 366 850 341 239 56 722 428 261 885 453 358 296 117 462 684 557 144 722 123 940 687 200 513 544 31 715 433 384 579 196 409 431 913 189 499 731 5 247 597 886 852 641 900 793 719 402 692
395 372 345 546 874 768 256 168 900 805 400 397 923 904 778 131 710 2 642 242 326 148 360 987 92 239 464 702 428 813 63 238 380 615 700 940 476 503 219 514 22 896 685 487 684 644 647 693 707 367 871 451 695 651 406 364 917 514 744 909 114 104 973 76 616 820 497 222 731 782 25 962 529 651 571 995 173 8 87 724 106 29 18 954 569 676 876 106 111 92 440 557 769 389 881 791 834 318 582 838
911 247 335 981 554 671 136 895 332 511 78 982 393 869 235 972 133 602 137 468 395 231 873 344 809 679 440 180 332 887 5 976 902 435 458 550 44 432 773 554 837 205 553 289 496 557 263 725 147 304 72 116 405 686 24 417 748 838 791 542 48 864 134 314 264 710 431 525 868 839 905 184 210 478 425 483 639 86 174 87 210 725 174 339 839 100 78 723 804 669 268 228 994 916 378 707 539 579 506 245
613 504 66 896 306 199 75 75 733 497 711 283 200 732 465 646 172 861 327 547 718 821 745 6 50 936 569 412 296 247 682 11 418 187 282 963 611 929 653 531 547 661 372 613 648 117 747 797 903 43 728 488 811 772 858 866 230 444 390 116 555 805 482 299 623 652 3 806 377 322 584 741 414 488 321 799 28 446 848 191 144 476 517 410 575 637 752 863 20 624 410 827 813 114 643 665 640 323 776 669
280 519 520 102 771 215 291 626 484 956 558 472 22 652 584 974 842 584 267 468 915 401 200 197 84 912 151 322 499 693 772 575 330 2 79 849 774 292 680 943 60 838 412 389 185 711 112 280 361 3 946 656 802 108 512 195 938 201 921 356 383 166 263 283 484 73 707 452 820 439 854 722 15 854 150 786 184 49 839 765 666 413 875 533 26 1 831 905 441 464 271 802 847 892 86 242 935 291 165 905
