774 293 311 631 743 393 2 237 857 741 685 393 522 45 394 90 883 443 328 475 846 463 283 156 714 626 105 678 473 42 675 556 8 995 240 179 608 925 49 962 680 32 494 52 309 52 155 188 32 126 316 689 88 319 491 512 924 295 420 411 28 697 823 336 798 201 563 357 956 850 512 667 441 548 443 164 828 752 283 772 689 853 931 462 983 283 8 207 376 449 459 435 779 103 588 208 272 98 785 518
698 837 235 925 740 267 120 924 189 132 370 173 39 784 124 823 549 193 368 762 582 432 222 135 62 572 693 128 164 318 848 339 99 565 12 705 904 776 392 208 964 341 860 117 126 946 846 501 107 153 195 730 417 678 292 576 680 985 721 445 49 890 936 170 776 887 978 962 71 834 189 372 251 348 727 546 723 957 321 308 325 114 23 252 32 205 36 981 191 211 822 18 932 232 416 731 800 584 353 895
344 819 848 393 667 407 40 390 367 609 827 351 116 255 877 703 417 408 311 440 36 787 698 75 631 107 366 422 754 620 113 659 47 938 992 286 524 269 673 443 460 522 573 188 860 755 763 589 315 652 107 436 484 444 109 293 28 579 463 325 508 182 321 621 714 35 929 629 364 654 680 825 608 408 983 446 798 910 956 330 552 140 408 198 28 87 396 778 332 824 11 191 663 711 608 743 796 278 72 912
131 183 954 353 135 634 379 474 261 559 440 312 938 234 780 930 434 825 773 995 850 694 836 612 882 447 107 789 759 244 573 808 557 788 350 384 494 661 851 568 841 365 161 609 158 245 836 462 701 384 878 275 480 11 982 799 736 508 952 515 985 993 721 502 987 607 373 998 907 843 870 676 858 777 610 284 563 769 850 522 281 590 977 150 61 74 114 755 687 723 854 675 382 890 890 991 526 694 980 818
516 895 506 21 26 857 591 623 592 569 701 742 656 940 17 951 451 936 264 407 348 312 592 529 998 898 335 356 803 761 28 901 334 249 617 795 674 567 910 966 355 212 318 277 886 243 693 281 774 77 127 167 122 588 784 514 573 578 118 58 773 518 288 753 224 425 223 596 138 833 930 231 199 288 706 291 658 292 419 207 570 234 690 428 941 317 622 4 208 93 151 129 8 631 186 204 350 706 237 472
776 302 913 167 394 773 113 836 792 260 287 887 688 483 726 318 729 734 499 66 374 760 386 612 625 284 881 955 580 186 94 134 814 126 921 704 793 322 698 820 353 542 595 823 923 191 892 706 961 155 659 281 4 588 913 798 26 455 153 155 168 446 974 90 892 366 285 819 522 666 904 677 692 767 203 786 639 427 488 471 759 696 275 834 406 547 894 818 941 258 759 446 751 68 152 848 230 739 849 119
525 270 850 57 512 761 621 201 484 585 27 757 576 931 442 834 769 903 779 241 351 934 455 18 8 833 567 453 164 109 220 283 285 833 525 665 23 924 925 814 859 809 575 818 537 660 342 79 504 776 773 661 880 79 875 412 380 482 453 639 848 588 981 406 957 611 56 485 512 327 616 725 680 693 74 424 851 265 450 951 369 26 462 951 192 629 669 905 99 853 93 191 357 58 770 287 262 532 302 451
214 408 739 509 578 154 746 219 154 751 55 236 173 181 926 442 160 747 675 86 82 399 531 149 823 483 377 714 553 715 935 817 461 779 78 561 716 512 69 64 683 338 455 440 44 537 946 774 257 501 364 339 446 262 192 292 674 795 946 869 499 224 868 912 189 473 442 794 241 193 248 282 750 456 195 169 883 580 652 634 274 461 581 466 204 507 564 483 586 795 734 10 379 689 545 666 230 635 295 705
615 110 317 490 832 7 343 649 568 79 57 80 628 619 343 463 448 757 705 239 912 247 495 842 40 557 890 75 384 450 151 230 20 234 451 606 403 781 671 853 835 169 747 711 736 393 936 534 364 523 856 448 149 405 454 389 151 377 759 457 581 59 731 578 475 686 522 984 186 1 293 981 806 767 401 140 995 680 76 141 118 287 865 950 693 453 242 845 57 863 955 365 677 959 416 953 893 274 959 786
446 345 723 212 300 555 263 776 872 707 733 496 447 581 290 456 228 429 318 635 822 18 241 990 741 353 740 727 502 545 994 231 759 430 650 875 477 188 423 545 632 91 104 699 776 326 373 530 873 330 341 922 124 874 752 792 98 16 335 593 298 268 408 1 396 881 973 390 357 986 506 167 157 541 870 979 280 477 727 697 563 686 808 248 503 89 405 37 443 637 811 75 661 992 908 263 680 485 469 535
975 769 922 933 188 506 780 637 889 167 244 179 912 38 9 581 104 636 535 144 156 222 649 165 627 840 228 222 130 909 570 213 789 914 807 254 135 793 741 636 446 200 306 566 105 62 955 195 232 736 101 553 41 650 224 211 215 125 703 70 568 606 953 367 605 52 70 6 191 863 380 527 684 806 568 906 371 294 916 519 742 900 365 450 134 349 565 499 903 377 357 821 804 358 21 760 136 526 870 29
810 299 762 55 730 631 809 94 414 845 950 74 208 717 584 851 249 249 764 697 336 869 749 611 947 211 386 620 704 499 526 862 225 65 89 944 214 668 435 386 982 564 739 723 733 316 565 190 287 290 844 866 442 885 3 601 420 311 882 469 652 196 384 156 618 889 732 296 885 92 386 742 91 669 708 565 101 656 428 588 623 908 518 494 261 119 258 4 864 1 419 516 414 209 956 531 45 287 640 227
782 400 184 348 661 409 544 445 464 371 986 28 600 361 510 312 4 323 333 324 18 543 604 430 67 155 47 85 965 934 431 599 16 860 407 803 730 390 568 850 748 711 594 467 279 334 834 310 526 336 313 593 965 683 270 964 931 429 687 76 173 262 252 535 233 255 171 563 767 311 977 556 648 428 940 421 144 990 19 567 525 756 88 611 786 154 786 110 853 13 28 532 218 975 917 750 628 613 711 951
951 674 909 188 82 170 393 918 239 880 250 410 317 323 32 548 160 466 251 364 40 938 426 215 138 115 693 706 495 139 631 739 969 728 129 688 834 204 716 28 258 408 772 217 66 246 118 765 875 863 667 484 564 830 261 528 549 482 118 223 820 439 312 953 256 355 308 564 86 199 466 513 841 919 136 216 982 490 572 851 756 226 369 212 441 607 260 281 483 868 199 717 355 836 71 880 141 663 927 759
822 719 265 125 129 433 377 452 840 428 184 868 687 396 201 663 130 302 643 301 246 53 502 81 930 893 399 802 626 361 138 441 926 521 677 238 636 328 792 103 539 682 163 283 16 396 664 19 592 935 175 977 746 845 51 176 211 725 107 356 800 940 361 945 897 103 392 585 66 700 44 831 890 84 393 690 237 74 600 771 237 35 238 430 660 72 417 374 777 312 788 802 824 767 874 837 953 915 99 242
604 434 737 945 663 285 171 346 959 78 84 126 787 582 121 913 158 285 781 842 818 438 788 865 808 41 319 466 303 139 292 267 548 435 818 718 630 640 903 879 116 684 709 445 748 955 93 394 15 661 360 765 188 113 181 540 950 829 260 591 296 503 604 36 280 489 656 369 263 575 442 616 51 207 369 12 512 583 215 980 884 286 640 825 628 799 243 281 3 415 688 464 292 554 805 983 982 954 627 920
780 69 781 100 842 657 786 167 807 380 135 80 109 828 465 306 229 863 644 419 612 235 514 559 569 535 736 125 74 645 599 345 128 671 129 189 990 55 126 608 470 505 712 63 309 857 315 540 221 446 66 659 511 711 372 838 670 333 779 247 825 917 959 442 510 703 21 40 835 752 873 986 42 472 537 379 782 666 439 91 974 429 828 103 310 498 812 726 959 163 231 15 399 289 783 148 206 914 153 545
190 42 106 4 873 404 960 131 41 383 342 959 479 317 209 766 934 540 571 650 245 164 958 475 372 742 63 259 595 595 722 859 936 251 105 401 712 778 888 153 653 199 334 837 143 397 633 898 396 586 715 726 132 770 251 994 776 880 287 219 909 386 950 3 166 167 766 348 189 200 237 403 243 775 221 529 593 938 788 636 113 579 773 904 658 143 494 628 595 178 249 311 557 850 934 385 879 661 401 751
373 87 325 482 391 327 127 638 153 82 27 24 454 722 529 131 574 476 504 111 230 924 694 678 661 432 394 881 364 856 471 995 647 770 355 173 328 682 540 151 977 545 355 492 655 661 397 127 137 727 914 969 618 838 34 783 772 65 287 139 965 398 575 676 439 213 612 946 151 152 750 187 106 164 217 160 657 433 401 168 538 860 898 31 791 44 814 505 617 559 795 188 275 280 372 411 947 943 965 167
589 411 264 206 522 177 846 674 10 588 346 615 977 460 128 29 721 799 647 482 443 297 105 739 508 962 932 837 463 372 816 749 879 945 644 347 42 518 123 901 701 154 102 287 729 633 900 786 246 781 333 376 116 709 247 206 174 411 775 549 858 459 293 807 312 549 31 732 415 202 328 383 291 461 705 744 734 218 898 125 891 873 932 236 393 509 450 592 308 150 81 436 309 162 259 429 58 858 203 198
212 723 308 780 283 668 952 837 76 606 476 902 545 247 447 630 51 506 402 960 369 26 212 91 367 37 657 11 924 121 336 876 264 578 296 38 117 361 361 21 103 178 796 104 773 93 799 278 520 120 413 521 992 469 210 73 896 390 458 702 149 534 93 959 50 443 241 152 248 966 796 414 158 808 126 986 500 751 813 676 0 783 293 874 862 97 162 961 200 121 330 136 118 889 650 421 981 392 335 515
375 372 598 262 973 366 944 57 546 458 244 95 635 549 805 18 175 270 463 688 769 625 710 747 925 416 590 462 661 587 743 420 695 29 487 767 302 191 149 431 701 57 746 198 352 361 213 900 587 933 333 417 605 90 735 216 776 719 569 78 214 593 332 139 367 170 144 921 657 666 711 625 938 537 910 418 602 608 258 454 47 675 265 390 973 111 810 586 888 91 318 56 332 992 192 114 12 237 143 497
945 859 442 992 563 22 133 626 888 946 103 304 244 621 37 768 87 271 847 835 635 940 856 33 156 404 937 928 6 268 856 900 586 350 278 384 855 723 670 671 327 926 370 106 578 986 727 395 912 626 402 963 623 933 351 872 975 44 16 832 680 6 88 304 496 207 788 260 964 801 33 788 800 398 525 622 370 998 428 960 979 137 863 749 569 606 445 836 559 60 134 822 972 926 238 934 479 851 520 711
806 83 276 207 935 258 335 187 598 642 94 821 192 208 738 97 238 494 420 851 678 460 718 781 481 259 640 223 747 662 879 679 622 541 941 268 912 642 353 254 742 718 505 542 644 509 219 168 252 693 41 234 129 377 626 519 82 713 203 516 707 482 339 491 122 845 190 716 864 664 615 478 369 23 666 316 195 888 52 948 232 897 374 343 575 936 623 534 956 682 86 397 896 28 143 172 775 13 74 575
599 529 827 327 168 615 56 347 515 54 961 717 684 591 403 214 934 886 831 707 901 994 843 156 834 945 431 963 506 786 730 196 498 866 491 525 231 878 26 766 904 709 902 991 776 55 335 543 414 453 607 300 865 531 322 71 221 208 924 730 263 891 776 715 834 947 501 887 849 824 182 264 955 361 233 471 482 864 938 548 236 167 823 422 855 486 436 974 306 79 948 513 557 345 396 138 986 307 995 299
249 811 731 531 110 475 615 358 489 927 776 267 592 983 477 313 783 968 307 766 679 36 388 407 611 776 387 706 408 850 911 300 968 878 770 199 644 421 654 482 826 840 765 888 21 810 926 648 472 740 799 258 321 329 351 393 809 28 553 367 913 842 621 735 98 881 211 519 688 312 231 306 119 786 578 445 822 710 829 654 882 775 238 233 859 985 560 915 140 728 627 404 998 473 495 67 19 335 688 967
61 230 819 453 407 287 163 409 584 341 169 695 583 505 611 75 610 108 83 444 73 468 19 769 988 112 796 614 25 359 948 618 285 232 261 708 913 467 720 120 807 301 558 664 778 567 938 868 640 727 451 903 988 876 923 598 263 139 87 489 502 752 516 316 255 9 888 500 96 139 613 156 594 12 185 941 440 109 695 619 803 504 492 963 409 490 556 890 135 646 689 581 431 113 483 237 778 141 419 461
931 190 553 616 64 354 542 193 737 757 262 512 641 902 48 991 272 956 223 42 438 863 869 875 411 13 88 150 692 516 782 624 816 146 978 259 749 255 838 393 533 406 693 128 206 292 492 445 179 434 974 221 964 690 939 591 524 773 457 200 278 994 113 367 37 783 225 893 723 476 690 509 739 239 605 712 460 366 782 44 742 366 85 690 955 737 399 779 748 773 498 873 646 649 437 813 321 311 127 361
514 791 511 53 552 38 739 520 683 657 675 405 110 862 84 785 711 849 907 675 223 574 354 209 920 324 752 675 82 855 760 103 916 504 17 790 950 434 442 481 555 141 744 585 932 735 183 667 515 245 487 501 584 462 612 226 754 835 773 769 725 913 90 295 902 73 733 726 266 612 320 46 935 880 576 977 372 4 803 221 854 117 577 472 3 360 261 778 778 431 404 585 38 927 324 928 568 899 225 620
91 241 138 867 537 673 287 468 300 214 81 154 460 138 119 832 482 940 833 187 677 777 247 945 256 750 799 249 931 567 886 16 677 898 903 801 441 123 193 934 179 847 747 827 106 230 817 115 437 671 911 478 399 113 295 941 689 325 110 704 691 286 651 863 696 356 332 976 976 885 708 33 151 212 756 169 475 752 956 619 698 251 345 862 386 119 180 293 672 498 772 46 347 628 612 679 373 48 893 349
464 849 59 947 551 175 937 713 757 453 970 123 579 587 647 890 461 894 307 265 637 667 773 702 818 367 351 494 544 412 79 75 969 491 875 196 625 917 387 948 494 757 690 7 578 109 738 656 216 527 431 289 112 827 467 983 359 463 929 361 19 384 638 293 924 45 679 344 812 357 574 135 376 386 602 21 121 364 708 454 94 892 709 189 850 380 566 788 415 640 564 811 240 965 53 359 565 845 258 170
921 173 38 712 103 168 294 416 70 440 131 18 85 992 21 988 39 690 452 453 266 518 160 980 424 40 920 307 605 367 873 343 208 665 619 379 558 270 921 368 605 638 112 653 257 745 44 369 23 858 612 585 157 279 753 48 337 570 50 25 382 396 88 293 942 896 41 346 631 712 734 197 220 692 115 499 837 408 385 730 756 832 913 39 277 986 388 4 168 458 85 734 884 504 497 945 691 599 631 370
81 287 332 693 598 158 819 957 346 904 76 273 758 117 765 400 443 527 182 18 342 945 49 672 286 4 527 353 405 897 130 919 770 56 46 599 804 162 171 921 410 872 417 9 935 64 785 436 62 575 711 465 924 463 755 275 303 183 5 906 170 107 153 506 456 668 514 304 872 516 295 983 831 38 270 16 318 77 654 940 246 11 426 520 573 607 912 993 924 937 946 7 191 324 781 872 624 423 422 531
694 690 31 480 337 888 685 988 407 457 456 521 218 726 648 670 250 429 858 290 637 676 753 965 629 975 536 66 366 229 53 534 521 528 233 811 180 758 213 956 92 277 980 224 277 921 896 360 854 117 342 759 212 532 575 938 341 695 544 212 162 815 12 2 244 194 162 766 438 117 909 95 559 607 43 663 154 200 893 519 520 997 488 824 949 346 70 284 588 41 176 594 310 548 555 150 211 418 465 731
481 921 370 160 421 796 805 513 95 489 423 459 156 816 672 159 754 877 115 658 301 130 234 202 537 381 857 858 252 140 882 456 688 711 216 967 45 423 288 99 49 658 164 186 680 538 946 58 100 70 879 691 121 629 556 978 266 825 882 307 439 493 630 474 465 307 14 618 392 910 951 61 329 673 104 709 72 621 829 937 900 243 523 59 445 563 636 543 75 24 903 907 127 624 356 90 702 281 158 162
95 642 884 832 558 233 332 198 40 557 85 67 628 434 724 795 693 343 455 259 866 945 531 299 486 909 505 86 621 598 250 868 837 646 235 154 159 721 611 453 245 128 247 406 405 906 438 778 322 929 333 77 551 704 620 145 245 750 915 452 931 30 829 797 885 615 303 56 894 779 649 650 38 664 480 507 17 243 18 193 723 839 143 160 356 535 4 264 751 562 331 621 776 422 758 517 729 125 704 295
697 172 301 884 750 252 199 18 537 739 978 136 841 633 123 792 567 261 347 948 697 811 697 642 688 145 568 639 452 568 498 960 797 425 55 907 702 261 783 25 990 265 625 21 881 677 483 58 467 963 278 454 524 29 605 661 418 213 613 827 692 868 437 479 137 748 572 269 600 131 864 240 328 758 664 487 322 121 241 296 301 713 941 54 916 184 977 725 727 328 236 80 579 390 954 285 882 162 217 31
198 647 913 711 714 319 659 937 369 72 809 287 258 144 276 531 457 812 601 710 759 4 20 260 205 606 334 796 98 629 627 397 610 244 994 245 407 694 663 318 147 151 501 315 245 658 442 207 796 119 40 433 187 977 542 524 758 985 577 82 784 905 382 721 878 273 558 914 460 869 551 848 286 827 914 59 136 862 949 232 47 762 788 853 71 17 517 739 704 990 309 137 859 638 524 119 377 603 503 579
441 147 917 441 99 748 222 823 815 903 138 358 147 908 850 880 741 641 980 438 284 93 977 405 124 156 961 164 481 262 116 393 515 605 569 411 200 5 443 288 306 112 828 58 568 269 816 617 862 460 183 748 727 28 821 431 402 938 738 765 273 613 178 616 125 780 463 280 541 595 67 477 187 90 942 869 809 502 810 577 609 194 64 613 113 148 530 904 553 911 869 985 691 314 844 753 157 533 894 865
979 128 710 677 387 622 434 606 632 568 518 288 110 472 275 830 702 200 645 581 899 213 543 840 63 212 595 41 223 561 451 302 339 432 22 698 652 194 907 208 642 607 338 826 220 688 784 69 26 331 49 187 641 217 942 271 818 937 704 98 584 523 565 846 980 688 139 285 867 176 706 283 38 561 808 511 747 523 532 453 594 132 88 232 474 752 961 53 966 735 370 429 333 707 702 889 142 877 165 647
835 981 149 665 863 929 298 816 623 90 550 539 992 938 903 355 902 230 891 915 975 374 491 501 887 556 845 908 278 201 316 198 246 955 850 793 589 169 460 166 245 273 282 198 862 932 412 870 40 169 461 353 883 319 665 86 776 943 648 436 969 788 206 867 705 181 571 106 448 99 980 893 777 256 866 905 189 375 716 808 741 920 998 934 403 543 559 232 973 198 253 548 727 152 366 402 62 309 820 212
658 706 956 465 74 624 315 349 754 83 304 894 810 670 860 205 189 493 69 975 328 828 370 698 313 130 829 680 548 411 386 932 593 789 111 613 339 455 507 929 231 111 508 401 799 273 617 337 166 806 439 259 422 613 986 742 501 282 807 962 690 445 906 939 828 286 764 672 459 274 254 210 19 409 424 581 247 3 360 108 496 515 226 62 894 589 582 832 500 982 133 339 419 840 484 684 310 306 198 292
734 755 511 521 671 114 17 629 572 258 327 667 70 383 74 563 541 396 397 662 92 850 427 136 580 617 652 443 943 842 837 177 248 609 680 314 120 527 874 534 530 659 701 659 522 966 456 556 953 5 809 446 522 845 840 46 298 946 495 53 869 35 754 383 299 607 448 715 213 293 566 911 935 478 703 45 129 64 639 250 640 736 879 355 296 723 486 0 327 37 6 411 85 833 552 705 835 777 953 787
666 353 543 236 488 127 383 332 251 62 932 476 666 243 309 849 52 684 154 115 579 40 752 292 667 591 845 583 21 419 832 326 198 397 430 149 654 987 457 367 643 776 925 512 59 805 203 925 903 327 238 5 441 630 580 863 595 610 411 816 489 627 359 254 703 591 763 348 400 879 158 192 968 78 387 622 789 904 526 614 982 860 811 430 703 314 660 93 983 849 368 597 469 457 516 943 996 824 801 111
930 277 427 761 87 200 629 304 510 823 135 456 584 250 285 161 882 678 976 515 438 953 655 663 511 612 843 3 973 423 567 450 682 656 266 636 116 152 198 609 979 87 598 975 761 551 409 42 870 345 511 927 792 112 959 780 58 996 883 921 32 633 439 332 394 145 59 930 173 370 112 183 424 879 855 755 613 570 122 765 969 60 314 103 373 282 533 540 22 40 324 455 898 199 429 260 523 713 494 403
82 704 664 819 239 915 666 714 746 312 471 464 699 831 818 601 11 480 760 772 458 42 935 454 146 603 951 930 50 861 971 965 155 777 171 347 402 965 416 338 730 975 359 995 130 180 165 855 882 584 480 973 421 47 805 128 395 61 866 418 928 503 495 355 576 554 154 799 75 375 961 788 961 389 488 509 299 570 860 64 704 217 587 182 868 862 365 527 293 291 120 100 325 275 876 142 539 921 550 395
181 336 878 118 492 500 600 954 672 847 102 222 431 496 488 932 414 588 891 992 390 228 263 342 754 158 309 572 193 696 109 851 928 467 876 633 955 812 141 148 336 807 587 941 34 349 624 94 225 853 850 528 933 292 672 674 33 401 661 751 627 447 781 517 899 49 78 366 760 659 535 66 822 99 274 629 336 318 611 967 961 190 499 449 763 497 972 392 513 189 571 363 28 982 614 281 290 551 23 80
887 184 12 487 615 459 262 850 158 749 722 204 423 538 606 858 729 202 986 376 782 206 662 478 352 685 862 790 580 302 277 3 601 43 718 879 893 145 108 961 34 632 472 637 800 320 614 181 335 874 583 160 589 728 993 653 95 2 485 32 158 989 291 455 297 363 650 641 358 590 18 433 471 343 911 36 938 350 159 179 71 404 690 453 722 565 547 45 822 225 497 476 971 727 618 692 437 616 282 78
154 485 661 373 106 700 118 458 551 993 11 794 460 345 553 809 100 85 715 807 773 308 148 203 997 930 973 807 94 438 127 218 726 730 885 994 474 389 202 874 38 366 966 396 24 637 49 591 631 672 373 926 119 189 405 100 674 871 141 216 918 293 777 902 457 867 412 624 114 179 213 250 375 225 974 352 242 333 606 585 456 831 230 518 724 708 225 76 89 469 763 611 537 461 521 68 816 566 723 498
371 427 710 189 89 901 769 688 358 346 499 123 268 562 258 784 918 880 905 833 52 309 126 886 26 681 733 579 490 988 938 646 690 105 425 717 843 571 666 157 683 444 726 29 945 869 508 850 637 511 533 660 387 20 736 720 159 598 410 444 391 896 839 765 115 318 807 224 823 155 71 969 148 21 634 760 831 596 926 558 613 879 861 113 560 578 373 729 794 738 495 141 602 368 117 917 108 124 293 262
105 588 695 65 11 193 423 380 330 64 4 647 531 358 52 432 520 869 321 762 389 305 521 793 560 233 737 489 955 538 749 587 837 640 620 417 667 947 338 85 240 438 282 215 747 773 816 356 95 756 854 474 421 870 820 609 679 376 210 258 716 110 680 944 479 620 872 937 870 404 973 81 11 336 635 266 909 180 968 93 91 926 323 453 412 773 460 975 183 315 593 236 190 174 103 763 419 79 381 945
233 243 539 146 975 753 941 82 282 570 372 5 105 937 269 744 246 442 553 358 394 9 968 357 524 689 19 597 54 97 136 480 739 894 519 46 259 931 209 611 266 465 956 513 337 170 691 89 947 978 203 283 144 864 839 909 585 199 740 344 121 834 385 496 97 915 630 205 268 503 395 375 726 984 307 201 992 960 157 392 309 143 20 29 763 468 312 771 870 533 718 625 304 101 273 150 824 699 53 381
523 587 901 300 447 738 143 260 896 17 883 815 76 975 95 569 226 991 354 257 48 897 227 1 784 201 842 890 325 765 670 753 285 185 403 626 611 315 998 819 343 18 542 538 45 378 65 674 662 687 758 383 777 2 883 660 508 873 421 232 667 504 312 212 624 55 938 792 176 936 331 88 101 312 497 969 398 296 342 80 494 5 536 329 867 138 391 461 958 842 637 509 889 677 916 535 282 124 169 994
315 514 907 584 2 1 130 298 508 312 468 973 405 459 335 858 251 272 624 817 367 250 947 703 116 753 265 92 15 988 311 766 37 725 264 250 469 477 164 801 354 613 388 860 17 596 200 615 27 486 137 224 415 818 995 983 550 429 886 465 721 433 680 936 165 116 26 463 499 970 300 133 87 837 941 604 96 660 23 681 174 416 586 232 611 717 566 75 586 432 522 658 71 590 893 573 223 307 723 541
297 272 900 90 314 667 738 81 11 362 811 1 566 520 961 306 480 719 465 491 673 454 900 42 57 876 778 718 698 298 653 776 242 595 647 998 916 670 446 159 164 852 514 444 214 921 145 581 352 851 719 252 830 492 171 872 855 234 502 63 413 965 960 362 458 992 137 479 135 2 180 823 737 37 531 202 534 798 387 338 114 929 975 657 700 180 414 249 827 113 387 327 786 889 149 484 938 772 916 572
130 131 599 778 863 890 536 712 79 358 278 186 463 555 686 924 754 558 35 309 909 252 350 490 904 912 350 919 883 31 735 776 392 73 696 296 282 594 707 154 12 65 187 591 685 790 798 185 936 745 986 595 159 614 594 715 143 616 860 990 497 131 203 91 601 916 614 368 196 90 551 107 715 703 538 31 514 4 252 87 525 643 949 868 385 117 794 927 208 257 655 895 602 855 167 833 331 39 532 745
96 563 545 65 350 647 208 466 268 664 855 83 905 452 709 238 827 333 849 301 469 816 301 440 180 688 176 782 249 498 161 247 220 166 53 857 978 590 746 901 345 959 976 64 620 766 536 342 902 95 707 512 748 572 996 736 98 462 530 17 397 506 531 633 738 805 786 265 857 517 820 853 183 521 560 456 374 186 862 766 396 379 282 87 701 455 342 723 311 673 421 111 671 44 709 724 790 354 454 534
606 390 374 300 627 817 571 617 233 629 253 615 881 83 646 779 476 373 848 499 579 649 628 501 989 426 85 908 875 930 311 93 952 582 95 458 715 819 302 321 586 30 240 145 595 561 801 657 782 618 749 620 890 267 215 276 224 101 405 927 511 239 472 740 378 334 470 912 224 940 695 317 535 965 492 255 343 350 638 184 990 538 140 581 808 110 702 630 581 855 256 525 377 861 621 221 824 365 268 125
5 370 273 99 264 640 14 825 713 91 234 281 883 245 159 994 326 731 423 603 469 812 23 608 306 967 144 752 384 470 791 926 923 719 741 643 668 961 31 182 385 273 207 691 769 0 499 274 244 364 227 347 952 702 770 391 813 798 335 22 677 484 992 395 936 527 66 987 697 248 689 935 545 226 217 282 826 375 189 688 456 380 108 780 835 190 617 602 918 44 725 473 513 787 271 595 32 301 502 106
265 969 267 486 415 846 419 740 399 212 609 310 786 478 887 908 150 156 26 309 121 398 287 205 636 33 516 125 827 891 354 793 277 96 798 385 454 406 293 364 280 453 385 481 518 812 222 932 544 829 265 874 152 739 887 122 567 808 1 303 736 331 408 888 243 20 783 606 20 848 303 855 345 200 398 235 669 177 568 178 518 185 794 880 989 46 530 311 748 653 826 745 408 835 929 338 342 681 926 448
160 752 529 691 991 463 319 82 455 457 120 101 530 969 322 386 667 716 219 938 44 588 872 467 983 20 537 493 449 462 382 302 526 236 394 981 403 487 150 916 43 337 285 132 286 765 617 703 577 129 41 193 395 758 795 539 70 44 935 581 371 464 963 407 993 962 212 942 558 365 296 818 126 753 748 188 300 313 972 171 985 396 569 393 433 974 359 637 541 313 824 114 833 968 466 333 67 677 239 162
959 62 359 925 361 192 799 961 10 181 743 744 377 436 191 562 862 523 67 900 359 694 976 639 340 572 148 298 543 451 870 246 681 669 975 642 23 360 863 594 935 640 119 959 943 390 632 90 271 613 572 126 855 576 834 126 714 339 96 512 881 56 461 822 725 124 50 756 967 205 778 972 812 137 180 671 916 280 164 830 552 892 956 970 559 612 605 718 574 14 232 273 824 762 42 88 56 322 17 342
630 659 860 552 309 798 80 374 135 696 974 675 145 205 573 955 845 811 978 169 152 589 658 166 751 500 768 92 265 210 777 517 935 380 659 948 988 222 788 362 468 795 429 802 651 416 915 1 76 863 526 278 634 351 860 189 171 110 188 209 800 734 630 503 709 184 326 871 48 364 655 435 345 978 345 526 543 579 532 719 285 344 981 618 410 224 799 354 821 514 132 245 38 425 145 249 270 35 505 293
354 581 761 12 743 278 428 843 509 387 528 143 619 731 307 69 22 470 988 298 534 816 513 754 459 913 259 299 85 56 828 636 576 2 413 996 633 391 190 691 556 435 637 671 949 7 480 595 477 650 105 926 364 606 86 114 379 285 235 611 540 485 756 518 856 258 440 484 183 970 95 712 865 372 395 904 855 487 842 138 225 252 22 467 975 878 481 317 554 297 821 125 254 938 375 951 110 577 451 124
382 370 187 901 583 892 460 99 209 533 725 918 316 765 236 960 344 137 255 645 922 167 649 257 448 5 776 223 438 288 58 237 110 685 993 781 536 888 177 778 567 760 902 695 370 965 252 956 825 499 939 970 662 121 210 475 234 793 146 544 151 686 149 450 313 484 525 822 186 656 672 916 101 638 87 860 355 556 898 554 434 632 119 755 678 531 258 425 500 416 281 349 955 515 858 925 556 220 624 931
612 289 580 813 824 601 146 304 831 603 122 813 874 325 344 506 666 182 47 171 16 234 596 596 782 976 115 548 822 750 902 238 360 636 33 366 660 980 695 419 930 911 933 792 788 523 259 578 409 816 555 833 385 154 881 649 986 729 459 70 62 808 831 958 944 426 156 49 534 507 760 627 212 754 69 131 564 569 65 36 880 111 647 312 102 58 914 888 273 482 3 768 983 74 636 368 317 711 260 9
94 262 96 876 144 550 314 573 147 842 712 603 308 706 146 639 366 342 934 560 529 149 229 205 777 173 557 580 209 71 570 136 910 936 875 761 804 118 567 458 738 148 503 477 990 66 687 471 458 589 717 261 862 902 236 362 886 608 643 68 371 807 432 597 950 140 267 249 519 481 703 213 438 343 37 842 801 857 774 458 122 128 140 787 247 971 638 841 206 14 313 223 406 326 456 433 463 9 97 100
284 217 453 64 663 949 755 399 59 204 111 804 362 397 217 926 964 416 148 753 416 384 703 281 761 221 666 114 424 767 61 750 506 316 970 266 233 405 394 167 731 687 32 268 918 191 800 603 864 594 769 237 888 795 452 328 219 924 55 143 230 636 293 492 491 618 120 572 132 865 34 392 277 634 624 255 219 326 493 644 706 532 625 500 822 859 655 358 781 390 246 731 154 158 672 350 978 490 378 422
324 891 690 650 65 831 971 552 981 646 416 496 907 82 109 437 244 768 655 419 457 205 209 222 326 564 456 444 669 628 286 101 178 893 546 95 183 461 807 962 519 196 97 897 628 319 365 71 423 484 254 340 216 968 421 616 969 824 478 260 328 52 738 953 958 739 507 821 817 679 354 972 682 444 865 259 722 109 957 111 395 529 235 145 562 70 795 905 270 827 281 614 643 988 650 19 496 485 19 323
646 456 80 474 131 371 850 192 53 924 618 292 603 569 279 671 552 919 436 656 310 422 230 190 93 677 464 387 675 829 49 985 814 230 436 599 771 318 7 23 291 151 766 37 70 263 475 541 344 993 303 590 860 219 850 630 41 276 616 288 654 411 741 226 356 478 617 228 75 822 942 899 268 400 198 197 307 138 694 931 165 446 4 663 216 534 768 156 822 55 81 241 225 248 896 911 308 138 285 936
721 290 108 584 273 549 909 148 798 939 986 150 373 173 575 284 60 80 483 312 914 736 479 258 936 900 507 632 681 89 152 50 963 189 73 803 582 734 450 453 394 630 66 668 236 861 505 860 605 858 363 242 201 823 291 855 289 430 920 960 333 439 272 373 793 379 206 5 330 969 548 555 770 896 81 39 70 395 745 985 178 465 513 780 594 641 0 733 565 967 96 691 579 672 606 289 777 5 599 539
660 846 58 966 782 592 933 90 522 102 865 434 693 581 156 190 578 338 945 875 422 346 882 768 675 906 554 304 285 368 582 241 63 102 329 137 901 409 393 950 405 297 887 28 841 347 166 983 656 800 649 620 292 881 67 295 697 396 7 649 623 269 670 19 925 292 180 215 362 677 966 540 46 306 539 736 870 696 303 54 476 628 294 780 81 815 341 456 389 591 12 154 864 947 452 381 657 8 164 181
443 237 79 5 836 123 469 588 786 99 419 917 90 46 278 410 881 219 695 323 929 898 636 626 813 621 780 129 193 235 60 799 285 79 179 299 398 696 185 508 709 613 80 89 297 98 501 891 130 449 474 531 781 671 468 494 949 395 157 6 770 593 864 897 723 260 442 587 449 42 567 490 608 116 74 326 738 686 214 818 259 887 52 54 593 572 787 335 965 996 26 331 552 759 377 875 19 864 721 546
870 401 928 565 223 34 588 898 787 469 190 950 432 469 496 303 259 769 148 831 498 434 964 948 777 6 404 284 432 160 651 636 774 308 939 158 649 54 234 219 587 317 950 896 167 749 417 866 766 201 691 194 64 490 599 179 67 504 933 893 860 452 468 808 447 793 836 171 8 734 190 573 764 460 906 716 649 122 265 688 674 968 560 518 136 726 683 871 643 95 959 818 438 606 956 751 515 184 828 611
85 301 587 802 737 368 471 47 85 1 491 686 379 965 27 522 404 71 661 118 834 371 83 524 391 169 749 13 700 833 881 600 990 537 51 951 763 398 716 12 120 580 855 243 693 112 602 944 578 493 689 538 227 301 532 199 291 279 425 85 33 427 861 658 779 940 535 614 621 19 120 58 844 329 936 520 554 237 361 250 243 991 292 184 727 681 758 658 502 474 329 387 655 565 644 891 507 815 863 683
919 227 129 622 159 331 593 993 977 654 638 116 811 210 259 635 431 867 79 974 678 840 80 956 36 916 145 754 269 21 199 294 305 618 125 488 765 579 865 628 868 10 174 794 464 500 470 879 74 61 671 118 685 962 441 709 533 154 360 907 469 966 623 45 981 408 248 791 610 411 930 494 354 966 153 290 757 92 595 613 865 527 874 310 513 670 762 0 245 373 506 118 510 199 267 977 145 755 354 926
936 747 514 308 212 293 741 433 462 743 424 119 907 217 51 335 14 995 894 174 456 448 935 373 230 633 637 607 802 542 3 815 975 166 629 442 976 573 918 409 605 934 989 397 413 397 11 357 326 253 608 463 403 817 30 624 130 655 689 44 574 452 924 787 571 474 357 579 82 846 782 593 631 659 259 722 650 232 838 961 597 758 122 901 910 85 327 432 853 305 691 96 589 258 686 902 626 500 351 498
555 825 195 742 264 692 168 815 916 914 56 550 749 290 609 993 276 255 646 389 680 651 290 477 963 493 550 569 433 882 231 311 728 293 617 704 788 504 382 826 686 838 777 664 696 760 231 201 555 123 956 760 223 236 706 609 891 845 773 875 949 446 309 249 657 628 439 348 809 811 375 518 119 281 776 21 673 348 953 646 976 510 90 377 161 61 389 1 347 981 307 762 577 720 307 505 382 811 296 830
118 284 555 256 168 938 971 134 440 757 780 583 381 497 149 856 80 855 935 558 623 922 666 818 690 96 700 70 6 970 867 584 514 322 70 328 749 338 26 784 227 447 673 208 393 7 799 152 464 390 169 802 561 806 349 555 829 500 514 590 326 524 53 465 826 152 8 381 453 45 810 798 145 285 580 261 615 116 67 473 615 667 148 987 797 435 979 80 781 762 537 28 735 67 233 200 641 2 757 240
252 329 829 537 332 521 78 133 308 270 685 156 998 185 235 189 338 212 26 944 664 763 964 300 819 493 447 118 939 242 496 775 489 549 417 967 266 319 806 905 256 264 192 490 241 37 773 48 390 810 512 327 120 244 286 854 529 208 713 574 986 367 268 583 848 854 173 826 529 791 85 130 147 474 962 946 369 716 614 921 921 750 375 520 976 820 201 20 256 747 453 996 899 310 348 6 715 239 890 917
362 299 692 255 74 854 122 240 537 945 851 843 109 938 190 356 594 469 220 490 416 831 322 183 196 31 818 38 95 520 901 717 849 404 553 150 203 222 874 260 865 350 198 398 333 331 967 688 943 798 900 632 226 301 20 114 497 625 122 64 981 853 124 102 101 971 887 225 920 283 480 198 404 425 929 700 430 897 786 148 62 335 236 781 98 210 149 497 499 313 537 223 132 467 305 865 103 617 285 562
459 862 86 704 90 810 448 309 259 987 478 491 511 695 876 167 494 846 172 443 550 152 466 310 411 755 737 89 483 24 284 552 167 616 688 592 633 534 220 382 279 882 209 632 877 743 164 740 790 894 129 814 263 765 509 63 267 963 936 873 657 30 566 693 946 156 611 310 651 448 336 668 322 407 610 994 762 325 594 629 763 261 128 962 90 290 397 597 600 217 657 384 315 592 829 944 951 96 290 77
855 877 605 332 354 961 358 313 601 853 310 107 267 194 240 33 542 476 418 414 119 509 257 846 975 296 720 710 838 532 129 576 106 653 934 268 539 57 303 269 949 793 829 111 151 887 927 265 406 850 174 959 950 367 521 131 511 3 917 791 688 652 642 626 694 972 891 755 354 429 159 670 67 888 219 44 341 123 156 250 966 380 246 102 600 721 484 883 667 239 940 20 839 820 59 397 821 153 552 687
226 941 795 353 975 51 183 108 322 14 252 446 897 641 15 658 256 163 903 831 454 43 833 344 236 316 137 641 338 120 548 354 558 714 82 460 384 465 769 10 524 751 323 102 204 808 125 309 952 356 595 316 804 973 31 945 438 521 19 11 410 697 621 928 377 31 732 658 786 790 197 753 764 896 712 691 531 705 503 727 559 173 509 1 53 460 123 436 176 113 828 681 477 125 773 482 898 912 883 17
531 31 452 428 399 829 527 883 268 21 637 361 745 579 414 607 378 409 756 331 282 894 292 602 424 534 593 529 857 974 76 106 287 541 512 730 831 339 469 200 229 62 900 31 798 810 595 572 333 78 358 717 694 105 704 497 214 711 967 363 986 498 431 636 166 838 37 136 191 104 862 433 820 880 801 559 388 149 989 589 26 184 31 762 684 3 785 81 200 610 146 554 251 203 30 320 89 149 699 426
667 172 664 520 430 238 643 452 783 584 364 804 147 432 766 952 748 225 879 949 347 536 808 527 138 56 694 32 747 96 233 576 725 372 438 318 2 100 855 485 876 845 72 387 332 749 218 496 731 693 729 841 852 767 998 739 430 169 773 536 37 750 820 60 231 404 455 996 821 761 722 88 670 601 798 327 830 511 881 932 885 141 378 993 510 381 992 738 515 644 545 620 48 4 420 485 51 299 627 470
259 570 409 698 547 322 766 507 825 134 834 29 432 29 286 978 260 945 447 705 970 665 486 341 660 22 70 341 505 787 705 119 104 61 116 255 411 885 530 592 175 589 492 673 25 560 217 216 750 961 423 65 903 487 461 829 390 752 186 537 720 274 204 973 460 214 308 256 49 186 58 203 887 681 788 785 229 946 865 508 748 314 732 412 882 526 682 321 932 253 28 745 160 426 333 196 478 616 875 158
193 605 688 744 389 915 236 573 332 937 761 198 489 86 130 718 614 956 180 740 776 151 281 959 523 601 473 407 819 858 18 625 525 980 993 354 855 679 720 60 796 477 535 487 463 608 339 226 202 151 600 580 327 424 249 671 198 18 52 658 198 158 573 863 16 40 683 462 104 217 929 981 205 695 333 623 491 469 725 560 444 645 803 614 382 796 637 213 9 748 596 106 578 941 867 239 927 627 759 858
662 511 700 557 436 593 853 357 128 538 877 783 98 832 662 113 43 678 376 76 212 970 736 336 290 280 445 632 295 791 289 518 890 467 842 77 535 746 516 691 237 929 430 923 762 536 316 918 487 705 768 361 307 353 916 705 600 561 303 656 120 987 191 296 976 296 627 756 886 775 216 572 337 587 869 719 298 292 730 671 218 276 608 187 632 646 75 880 703 744 935 686 392 995 318 40 631 562 393 150
134 834 765 863 111 542 52 787 77 402 626 94 668 725 909 220 376 27 147 952 785 737 341 686 527 539 530 503 927 596 969 958 49 557 334 826 378 484 185 374 581 987 664 626 512 124 582 965 507 234 420 727 212 281 51 79 204 168 994 505 992 475 163 41 392 95 127 11 996 643 368 678 231 530 241 984 431 981 284 871 824 75 661 987 332 434 253 739 794 885 217 763 88 869 59 924 776 109 768 39
171 346 782 8 676 974 419 431 773 20 871 870 382 72 980 191 633 360 183 88 180 385 663 305 435 378 756 546 69 570 343 63 223 907 83 80 4 414 436 607 27 903 569 502 961 172 214 784 833 893 194 516 420 104 305 11 723 330 41 789 923 489 608 195 208 711 266 968 560 359 132 873 660 509 748 205 466 36 940 545 682 626 362 486 130 771 643 482 421 19 900 869 967 636 341 623 343 923 310 63
693 277 728 389 500 212 252 252 288 167 132 925 504 761 22 768 875 560 769 479 444 834 257 221 721 418 691 916 726 240 534 728 646 476 13 402 534 925 658 149 95 607 961 93 401 89 50 586 291 298 675 615 901 878 471 361 477 88 346 396 807 994 302 868 881 798 733 773 360 327 765 646 466 697 167 750 183 14 479 53 381 597 806 576 44 770 598 610 784 735 814 154 443 531 614 575 664 648 40 123
287 714 954 310 212 700 662 575 432 418 172 51 16 305 573 919 300 122 236 576 68 122 534 465 132 137 651 249 597 721 730 798 941 11 857 117 875 926 935 453 242 977 87 478 824 783 244 258 556 477 694 535 174 451 704 256 87 380 933 758 239 563 377 694 717 932 384 435 254 942 757 867 377 604 721 534 355 847 760 351 687 371 431 908 593 819 629 71 753 467 731 427 617 394 430 431 728 719 806 687
882 335 944 935 669 602 384 851 48 661 527 30 548 743 308 637 680 891 128 438 459 940 540 410 714 131 119 77 169 69 86 251 28 653 409 338 731 783 484 439 456 576 467 475 584 208 592 131 37 341 378 968 794 899 934 859 701 705 173 120 411 788 206 821 113 180 507 139 757 998 663 817 129 711 704 110 304 899 821 252 697 618 376 438 26 875 898 328 800 602 364 704 61 836 194 701 451 381 756 147
86 394 754 117 957 731 807 514 588 184 98 146 922 520 975 52 526 365 777 258 979 52 281 716 857 673 219 932 455 227 892 844 678 125 1 467 844 280 841 652 174 371 250 78 58 538 691 834 633 853 552 196 659 707 786 64 652 150 77 924 391 17 335 272 767 53 736 435 518 67 821 733 776 348 368 321 917 167 578 242 940 515 410 252 158 331 33 138 519 398 282 652 903 380 687 472 418 963 272 484
712 218 659 49 704 283 424 552 92 150 979 607 170 508 536 831 48 850 323 512 753 912 76 860 792 0 781 813 891 590 66 599 764 937 882 169 741 73 222 525 186 913 380 630 972 354 7 566 84 39 73 500 106 886 157 234 754 953 854 544 711 340 636 354 396 1 785 398 891 301 796 939 945 199 182 102 257 833 747 757 778 617 440 418 461 420 972 635 660 839 115 946 577 347 136 217 725 579 748 309
403 714 59 531 359 996 888 610 979 378 818 185 142 60 227 713 985 672 679 171 9 112 552 447 638 756 572 400 767 939 343 880 650 43 554 488 110 944 707 475 114 906 921 41 520 126 653 982 679 191 208 59 384 294 538 247 576 392 993 66 536 883 992 759 834 221 558 915 269 794 707 347 912 585 253 27 138 321 62 901 17 232 133 246 753 67 3 881 233 926 613 709 415 232 750 689 771 474 611 893
360 585 495 283 479 49 881 649 322 942 665 810 746 708 214 231 254 257 574 924 273 273 127 536 927 310 42 340 619 368 218 223 260 934 150 371 169 736 219 514 128 570 293 637 492 391 351 816 117 382 430 951 614 99 91 44 105 957 872 796 486 348 735 955 967 98 359 126 734 185 537 295 734 574 803 798 765 778 841 786 492 886 518 732 896 751 511 670 279 242 140 829 900 370 10 323 171 4 37 854
824 611 835 174 126 188 402 668 263 45 588 216 959 398 420 702 656 299 312 911 502 228 985 361 96 797 348 458 470 27 664 823 889 447 367 290 771 875 728 561 257 795 319 580 142 792 742 51 123 797 474 653 378 986 105 219 866 326 707 830 982 315 554 649 655 238 425 105 506 529 555 994 523 5 473 386 907 789 861 214 281 488 931 552 983 143 567 785 46 698 635 19 295 5 258 73 77 953 541 980
355 486 242 646 535 401 993 864 126 211 598 302 270 933 777 928 582 276 249 735 954 767 963 404 923 744 112 197 815 948 416 561 934 78 362 294 268 896 654 956 448 661 62 764 245 799 299 295 577 321 350 898 223 721 294 533 504 139 237 139 865 617 869 677 879 282 567 266 124 103 778 384 997 449 26 642 712 53 391 489 280 407 364 137 105 311 880 207 17 622 173 202 29 402 497 980 830 529 93 553
